1001 1009 o STEEL 9.87 1008
1001 1043 o COPPER 70.54 25
1001 2004 o IRON 122.65 2
1001 2005 p 205.98
1001 2009 p 432.87
1001 3000 p 234.65
1111 5763 o CHEESE 12.54 109
1111 7697 p 186.87
1111 8750 o WATER 1.99 90
1111 8975 p 273.50
1111 9854 o ONION 2.76 32
2211 9090 p 124.79
2211 1100 o BOX 12.54 25
2211 1122 o CHAIR 899.99 2
2211 2233 o TABLE 100.87 3
2211 4545 p 864.76
2211 6567 p 236.76
2233 4567 o SUIT 123.54 5
2233 4589 o TIE 176.65 2
2233 6789 p 876.65
3322 6780 p 436.76
3322 5898 o DESK 1200.00 2
3322 5689 o USB 12.65 5
3322 9976 o FAN 142.65 5
3344 9676 p 102.34
3344 5324 p 100.65
3344 8643 p 298.43
3344 6538 p 999.99
7009 9765 p 456.98
7009 9876 o BOWL 00.99 150
7009 5890 p 309.89
7009 8976 o SPOONS .03 275
0000 0000 x 000.00